64539

15

15         16


35         35          0          0        230          0   
41         49         10        151        181         10   
35         17          7         40         70         10   
55         45         13        106        136         10   
55         20         19        139        169         10   
15         30         26         24         54         10   
25         30          3         89        119         10   
20         50          5         71        101         10   
10         43          9         85        115         10   
55         60         16         87        117         10   
30         60         16        114        144         10   
20         65         12         57         87         10   
50         35         19         53         83         10   
30         25         23        149        179         10   
15         10         20         32         62         10   
30          5          8         51         81         10   
35         35          0          0        230          0      

R105
  
