67439

15

15         16

35      35           0       0         230           0
41      49          10     161         171          10
35      17           7      50          60          10
55      45          13     116         126          10
55      20          19     149         159          10
15      30          26      34          44          10
25      30           3      99         109          10
20      50           5      81          91          10
10      43           9      95         105          10
55      60          16      97         107          10
30      60          16     124         134          10
20      65          12      67          77          10
50      35          19      63          73          10
30      25          23     159         169          10
15      10          20      32          42          10
30       5           8      61          71          10
35      35           0       0         230           0

R101
   
