97846

15

15         16

 
35         35          0          0        230          0   
41         49         10          0        204         10   
35         17          7          0        202         10   
55         45         13          0        197         10   
55         20         19        149        159         10   
15         30         26          0        199         10   
25         30          3         99        109         10   
20         50          5          0        198         10   
10         43          9         95        105         10   
55         60         16         97        107         10   
30         60         16        124        134         10   
20         65         12         67         77         10   
50         35         19          0        205         10   
30         25         23        159        169         10   
15         10         20         32         42         10   
30          5          8         61         71         10   
35         35          0          0        230          0

R102   
 
