Seed for function srand().#
634608

Inbound loads (suppliers).#
10

Inbound docks.#
3

Outbound docks.#
3

Vehicle.#
10

Vehicle capacity.#
16

Customers.#
25

Number of products.#
15

Time to load one pallet .#
2

Service time per pallet.#
2

Changeover time.#
2

Processing time for inbound load.#
30  225  315  105  175  70  70  55  75  45  

Time window.#
0  619
550  560
439  449
505  515
538  548
423  433
488  498
470  480
484  494
486  496
513  523
456  466
452  462
548  558
421  431
450  460
464  474
546  556
476  486
465  475
515  525
451  461
486  496
457  467
542  552
561  571
0  619

Quantity of required pallets per customer.#
6  5  6  7  9  4  9  8  5  5  13  8  7  8  12  14  6  16  7  14  9  12  14  13  12  

Quantity of required products per customer.#
0  0  0  25  0  0  0  0  0  0  0  0  0  43  0  0  0  0  0  76  0  0  0  0  0  
0  0  0  0  0  0  0  0  0  0  0  0  0  0  0  0  0  0  265  0  0  0  265  0  0  
0  0  0  0  0  0  0  27  0  0  0  0  0  0  0  71  0  0  0  71  0  0  0  0  0  
0  0  0  0  0  0  51  30  0  0  0  0  0  0  0  0  34  92  0  0  0  0  0  0  0  
39  0  0  0  0  0  0  0  0  0  0  0  0  0  0  0  0  106  0  0  0  0  0  0  0  
0  0  0  0  0  0  0  0  0  0  0  0  0  0  0  0  0  0  0  0  187  0  0  0  0  
0  0  0  0  0  25  0  0  0  0  0  0  135  0  116  0  0  0  0  0  0  0  0  0  116  
0  19  0  0  0  15  0  0  0  0  0  0  0  0  68  0  0  0  0  0  0  0  0  0  0  
0  0  0  32  41  0  62  0  0  0  0  0  0  0  0  96  0  0  0  0  0  0  0  0  0  
0  25  0  0  0  0  0  0  0  0  0  60  0  0  0  0  0  0  0  0  0  0  0  0  0  
30  0  0  0  30  0  0  0  0  0  0  0  0  0  0  0  0  0  0  0  0  0  0  0  0  
0  50  0  0  0  0  0  0  151  75  0  0  0  0  0  0  0  0  0  0  0  0  211  0  0  
0  0  0  27  0  15  0  0  0  0  0  0  0  0  0  0  34  0  0  0  0  69  0  151  69  
0  0  0  0  0  0  0  71  0  66  0  106  0  106  0  0  0  0  0  0  0  0  0  0  0  
0  0  88  0  44  0  0  0  0  0  192  0  0  0  0  0  0  0  0  0  0  88  0  0  0  

Number of each product into inbound loads.#
0  0  0  0  0  144  0  0  0  0  
0  0  0  0  0  0  530  0  0  0  
0  0  169  0  0  0  0  0  0  0  
0  0  0  0  207  0  0  0  0  0  
0  0  0  0  0  0  0  145  0  0  
0  0  0  0  0  0  0  0  187  0  
0  0  0  392  0  0  0  0  0  0  
0  0  0  0  0  0  0  0  0  102  
0  231  0  0  0  0  0  0  0  0  
85  0  0  0  0  0  0  0  0  0  
0  0  0  0  0  0  0  0  60  0  
0  0  0  0  487  0  0  0  0  0  
0  0  365  0  0  0  0  0  0  0  
0  0  349  0  0  0  0  0  0  0  
0  412  0  0  0  0  0  0  0  0  

Volume of each product.#
0.11  0.03  0.12  0.10  0.09  0.06  0.06  0.10  0.09  0.08  0.12  0.04  0.10  0.04  0.08  

Distance (travel time).#
0.00  15.23  18.00  22.36  25.00  20.62  11.18  21.21  26.25  32.02  25.50  33.54  15.00  11.18  32.02  30.41  29.15  30.41  15.81  32.02  31.62  18.03  26.93  36.06  30.00  33.54  0.00  
15.23  0.00  32.56  14.56  32.20  32.20  24.84  21.02  31.58  17.80  15.56  26.40  16.64  26.40  46.87  45.35  42.45  40.71  22.85  28.23  16.49  29.27  39.20  46.17  27.78  37.64  15.23  
18.00  32.56  0.00  34.41  20.22  23.85  16.40  36.25  36.07  47.42  43.29  50.29  23.43  9.43  21.19  13.00  25.18  32.70  27.46  47.42  49.03  10.44  12.21  23.32  34.99  30.15  18.00  
22.36  14.56  34.41  0.00  25.00  42.72  33.54  35.36  45.04  15.00  29.15  40.31  11.18  32.02  53.15  47.17  51.48  52.20  35.36  42.72  22.36  26.93  36.40  40.00  14.14  26.93  22.36  
25.00  32.20  20.22  25.00  0.00  41.23  31.62  46.10  50.54  40.00  47.17  57.01  15.81  25.50  41.23  29.15  45.00  50.99  40.31  56.57  46.10  10.00  14.14  15.00  18.03  10.00  25.00  
20.62  32.20  23.85  42.72  41.23  0.00  10.00  20.62  13.93  50.00  33.54  35.36  35.36  15.81  20.00  29.15  11.18  10.00  11.18  30.00  46.10  31.62  36.06  47.17  50.25  50.99  20.62  
11.18  24.84  16.40  33.54  31.62  10.00  0.00  20.62  19.85  42.43  30.41  35.36  25.50  7.07  22.36  25.50  18.03  20.00  11.18  31.62  40.31  22.36  28.28  39.05  40.31  41.23  11.18  
21.21  21.02  36.25  35.36  46.10  20.62  20.62  0.00  12.21  36.40  14.14  15.00  33.54  26.93  40.31  46.10  31.62  25.00  10.00  11.18  29.15  39.05  47.17  57.01  47.43  54.08  21.21  
26.25  31.58  36.07  45.04  50.54  13.93  19.85  12.21  0.00  48.10  26.25  24.17  40.79  26.91  33.38  42.94  23.00  13.93  10.44  17.72  41.34  41.88  48.10  58.90  55.58  59.62  26.25  
32.02  17.80  47.42  15.00  40.00  50.00  42.43  36.40  48.10  0.00  25.00  35.36  25.50  43.01  64.03  60.42  60.21  58.31  40.31  40.00  11.18  41.23  50.99  55.00  26.93  41.23  32.02  
25.50  15.56  43.29  29.15  47.17  33.54  30.41  14.14  26.25  25.00  0.00  11.18  32.02  35.00  52.20  55.00  44.72  39.05  22.36  15.00  15.81  42.72  52.20  60.42  43.01  53.15  25.50  
33.54  26.40  50.29  40.31  57.01  35.36  35.36  15.00  24.17  35.36  11.18  0.00  42.43  41.23  55.23  60.83  46.10  38.08  25.00  7.07  25.00  51.48  60.42  69.46  54.08  63.64  33.54  
15.00  16.64  23.43  11.18  15.81  35.36  25.50  33.54  40.79  25.50  32.02  42.43  0.00  22.36  43.01  36.06  42.72  45.28  30.41  43.01  30.41  15.81  25.50  30.41  15.00  21.21  15.00  
11.18  26.40  9.43  32.02  25.50  15.81  7.07  26.93  26.91  43.01  35.00  41.23  22.36  0.00  21.21  20.00  20.62  25.50  18.03  38.08  42.72  15.81  21.21  32.02  36.40  35.36  11.18  
32.02  46.87  21.19  53.15  41.23  20.00  22.36  40.31  33.38  64.03  52.20  55.23  43.01  21.21  0.00  15.81  11.18  22.36  30.41  50.00  62.65  31.62  30.00  40.31  55.90  50.99  32.02  
30.41  45.35  13.00  47.17  29.15  29.15  25.50  46.10  42.94  60.42  55.00  60.83  36.06  20.00  15.81  0.00  25.00  35.36  36.40  57.01  61.85  21.21  15.81  25.00  46.10  38.08  30.41  
29.15  42.45  25.18  51.48  45.00  11.18  18.03  31.62  23.00  60.21  44.72  46.10  42.72  20.62  11.18  25.00  0.00  11.18  22.36  40.31  57.01  35.00  36.40  47.43  57.01  55.00  29.15  
30.41  40.71  32.70  52.20  50.99  10.00  20.00  25.00  13.93  58.31  39.05  38.08  45.28  25.50  22.36  35.36  11.18  0.00  18.03  31.62  53.15  41.23  44.72  55.90  60.21  60.83  30.41  
15.81  22.85  27.46  35.36  40.31  11.18  11.18  10.00  10.44  40.31  22.36  25.00  30.41  18.03  30.41  36.40  22.36  18.03  0.00  20.62  35.36  32.02  39.05  49.50  45.28  49.24  15.81  
32.02  28.23  47.42  42.72  56.57  30.00  31.62  11.18  17.72  40.00  15.00  7.07  43.01  38.08  50.00  57.01  40.31  31.62  20.62  0.00  30.41  50.00  58.31  68.01  55.90  64.03  32.02  
31.62  16.49  49.03  22.36  46.10  46.10  40.31  29.15  41.34  11.18  15.81  25.00  30.41  42.72  62.65  61.85  57.01  53.15  35.36  30.41  0.00  45.00  55.00  60.83  36.06  49.24  31.62  
18.03  29.27  10.44  26.93  10.00  31.62  22.36  39.05  41.88  41.23  42.72  51.48  15.81  15.81  31.62  21.21  35.00  41.23  32.02  50.00  45.00  0.00  10.00  18.03  25.00  20.00  18.03  
26.93  39.20  12.21  36.40  14.14  36.06  28.28  47.17  48.10  50.99  52.20  60.42  25.50  21.21  30.00  15.81  36.40  44.72  39.05  58.31  55.00  10.00  0.00  11.18  32.02  22.36  26.93  
36.06  46.17  23.32  40.00  15.00  47.17  39.05  57.01  58.90  55.00  60.42  69.46  30.41  32.02  40.31  25.00  47.43  55.90  49.50  68.01  60.83  18.03  11.18  0.00  31.62  18.03  36.06  
30.00  27.78  34.99  14.14  18.03  50.25  40.31  47.43  55.58  26.93  43.01  54.08  15.00  36.40  55.90  46.10  57.01  60.21  45.28  55.90  36.06  25.00  32.02  31.62  0.00  15.00  30.00  
33.54  37.64  30.15  26.93  10.00  50.99  41.23  54.08  59.62  41.23  53.15  63.64  21.21  35.36  50.99  38.08  55.00  60.83  49.24  64.03  49.24  20.00  22.36  18.03  15.00  0.00  33.54  
0.00  15.23  18.00  22.36  25.00  20.62  11.18  21.21  26.25  32.02  25.50  33.54  15.00  11.18  32.02  30.41  29.15  30.41  15.81  32.02  31.62  18.03  26.93  36.06  30.00  33.54  0.00  

Number to update the time windows.#
389.00

Instance.#
C25_I2_OD3_P15_S10_20_R101
