349204

50        

50	16
 
35      35           0       0         230           0
41      49          10     161         171          10
35      17           7      50          60          10
55      45          13     116         126          10
55      20          19     149         159          10
15      30          26      34          44          10
25      30           3      99         109          10
20      50           5      81          91          10
10      43           9      95         105          10
55      60          16      97         107          10
30      60          16     124         134          10
20      65          12      67          77          10
50      35          19      63          73          10
30      25          23     159         169          10
15      10          20      32          42          10
30       5           8      61          71          10
10      20          19      75          85          10
5      30           2     157         167          10
20      40          12      87          97          10
15      60          17      76          86          10
45      65           9     126         136          10
45      20          11      62          72          10
45      10          18      97         107          10
55       5          29      68          78          10
65      35           3     153         163          10
65      20           6     172         182          10
45      30          17     132         142          10
35      40          16      37          47          10
41      37          16      39          49          10
64      42           9      63          73          10
40      60          21      71          81          10
31      52          27      50          60          10
35      69          23     141         151          10
53      52          11      37          47          10
65      55          14     117         127          10
63      65           8     143         153          10
2      60           5      41          51          10
20      20           8     134         144          10
5       5          16      83          93          10
60      12          31      44          54          10
40      25           9      85          95          10
42       7           5      97         107          10
24      12           5      31          41          10
23       3           7     132         142          10
11      14          18      69          79          10
6      38          16      32          42          10
2      48           1     117         127          10
8      56          27      51          61          10
13      52          36     165         175          10
6      68          30     108         118          10
47      47          13     124         134          10
35      35           0       0         230           0

R101
  
