785298

50

50	16
 
35         35          0          0        230          0   
41         49         10          0        204         10   
35         17          7          0        202         10   
55         45         13          0        197         10   
55         20         19        149        159         10   
15         30         26          0        199         10   
25         30          3          0        208         10   
20         50          5          0        198         10   
10         43          9         95        105         10   
55         60         16         97        107         10   
30         60         16          0        194         10   
20         65         12         67         77         10   
50         35         19          0        205         10   
30         25         23        159        169         10   
15         10         20          0        187         10   
30          5          8         61         71         10   
10         20         19          0        190         10   
5         30          2          0        189         10   
20         40         12          0        204         10   
15         60         17          0        187         10   
45         65          9          0        188         10   
45         20         11          0        201         10   
45         10         18          0        193         10   
55          5         29         68         78         10   
65         35          3          0        190         10   
65         20          6        172        182         10   
45         30         17          0        208         10   
35         40         16          0        215         10   
41         37         16          0        213         10   
64         42          9          0        190         10   
40         60         21          0        194         10   
31         52         27          0        202         10   
35         69         23          0        186         10   
53         52         11          0        195         10   
65         55         14          0        183         10   
63         65          8          0        178         10   
2         60          5          0        178         10   
20         20          8          0        198         10   
5          5         16         83         93         10   
60         12         31          0        186         10   
40         25          9          0        208         10   
42          7          5          0        191         10   
24         12          5          0        194         10   
23          3          7          0        185         10   
11         14         18         69         79         10   
6         38         16          0        190         10   
2         48          1          0        184         10   
8         56         27          0        185         10   
13         52         36          0        192         10   
6         68         30          0        176         10   
47         47         13          0        203         10  
35         35          0          0        230          0  

R104 
  
