562482

50

50	16
 
35         35          0          0        230          0   
41         49         10        130        201         10   
35         17          7         20         89         10   
55         45         13        106        135         10   
55         20         19         71        195         10   
15         30         26         20        107         10   
25         30          3         54        153         10   
20         50          5         66        105         10   
10         43          9         61        138         10   
55         60         16         53        150         10   
30         60         16        101        156         10   
20         65         12         33        152         10   
50         35         19         38         97         10   
30         25         23         70        208         10   
15         10         20         32        137         10   
30          5          8         30        154         10   
10         20         19         54        105         10   
5         30          2         51        189         10   
20         40         12         77        106         10   
15         60         17         53        108         10   
45         65          9        109        152         10   
45         20         11         37         96         10   
45         10         18         59        144         10   
55          5         29         36        155         10   
65         35          3        118        190         10   
65         20          6         47        186         10   
45         30         17        117        156         10   
35         40         16          5        156         10   
41         37         16          8         79         10   
64         42          9         37         98         10   
40         60         21         28        123         10   
31         52         27         24         85         10   
35         69         23        116        175         10   
53         52         11         24        179         10   
65         55         14        100        143         10   
63         65          8         50        178         10   
2         60          5         41        178         10   
20         20          8        117        160         10   
5          5         16         42        145         10   
60         12         31         33        186         10   
40         25          9         51        128         10   
42          7          5         44        159         10   
24         12          5         25        172         10   
23          3          7        115        158         10   
11         14         18         31        138         10   
6         38         16         29        189         10   
2         48          1         93        150         10   
8         56         27         34        116         10   
13         52         36        125        192         10   
6         68         30         93        132         10   
47         47         13        105        152         10 
35         35          0          0        230          0   

R110  
  
