782465

50

50	16
 
35         35          0          0        230          0   
41         49         10         15        204         10   
35         17          7         18        202         10   
55         45         13         54        187         10   
55         20         19        138        169         10   
15         30         26         20        199         10   
25         30          3         76        131         10   
20         50          5         21        170         10   
10         43          9         87        112         10   
55         60         16         88        115         10   
30         60         16        107        150         10   
20         65         12         57         86         10   
50         35         19         15        192         10   
30         25         23        147        180         10   
15         10         20         32        187         10   
30          5          8         50         81         10   
10         20         19         29        139         10   
5         30          2        124        189         10   
20         40         12         47        136         10   
15         60         17         32        146         10   
45         65          9         79        182         10   
45         20         11         18        195         10   
45         10         18         76        127         10   
55          5         29         58         87         10   
65         35          3         58        190         10   
65         20          6        153        186         10   
45         30         17         58        208         10   
35         40         16          8         75         10   
41         37         16          6        136         10   
64         42          9         29        150         10   
40         60         21         49        102         10   
31         52         27         17        198         10   
35         69         23         67        186         10   
53         52         11         24         92         10   
65         55         14         36        183         10   
63         65          8        116        178         10   
2         60          5         41        112         10   
20         20          8         42        198         10   
5          5         16         74        101         10   
60         12         31         33        110         10   
40         25          9         65        114         10   
42          7          5         72        131         10   
24         12          5         25         91         10   
23          3          7         82        185         10   
11         14         18         59         88         10   
6         38         16         29         99         10   
2         48          1         63        180         10   
8         56         27         34        176         10   
13         52         36         27        192         10   
6         68         30         93        132         10   
47         47         13         41        203         10 
35         35          0          0        230          0   

R111  
  
