26548

15

15         16

35         35          0          0        230          0   
41         49         10        130        201         10   
35         17          7         20         89         10   
55         45         13        106        135         10   
55         20         19         71        195         10   
15         30         26         20        107         10   
25         30          3         54        153         10   
20         50          5         66        105         10   
10         43          9         61        138         10   
55         60         16         53        150         10   
30         60         16        101        156         10   
20         65         12         33        152         10   
50         35         19         38         97         10   
30         25         23         70        208         10   
15         10         20         32        137         10   
30          5          8         30        154         10   
35         35          0          0        230          0     



R110
  
