85674

15

15         16

35         35          0          0        230          0   
41         49         10         73        204         10   
35         17          7         18        147         10   
55         45         13         76        165         10   
55         20         19         73        195         10   
15         30         26         20        167         10   
25         30          3         49        158         10   
20         50          5         36        135         10   
10         43          9         50        149         10   
55         60         16         47        156         10   
30         60         16         85        172         10   
20         65         12         33        152         10   
50         35         19         15        133         10   
30         25         23         79        208         10   
15         10         20         32        187         10   
30          5          8         30        152         10   
35         35          0          0        230          0    


R112
  
