34562

25


25         16

35         35          0          0        230          0   
41         49         10          0        204         10   
35         17          7          0        202         10   
55         45         13          0        197         10   
55         20         19        139        169         10   
15         30         26          0        199         10   
25         30          3          0        208         10   
20         50          5          0        198         10   
10         43          9         85        115         10   
55         60         16         87        117         10   
30         60         16          0        194         10   
20         65         12         57         87         10   
50         35         19          0        205         10   
30         25         23        149        179         10   
15         10         20          0        187         10   
30          5          8         51         81         10   
10         20         19          0        190         10   
5         30          2          0        189         10   
20         40         12          0        204         10   
15         60         17          0        187         10   
45         65          9          0        188         10   
45         20         11          0        201         10   
45         10         18          0        193         10   
55          5         29         58         88         10   
65         35          3          0        190         10   
65         20          6        156        186         10
35         35          0          0        230          0     



R108
  
